- causal_loss_lambda: 0.45594244201742495
  path_separation_margin: 1.103815213428419
  srl_loss_weight: 0.8787882448996054
